Fish 281.6 0.0 774.4 674.559744
Fish 337.92 396.800256 393.6 501.12
Fish 380.8 181.119744 421.76 214.400256
Fish 419.2 128.000256 460.16 176.000256
Fish 424.32 431.36025600000005 508.8 494.72025600000006
Fish 429.44 333.44025600000003 529.92 423.03974400000004
Fish 437.12 220.79999999999998 513.92 280.32
Fish 515.2 449.91974400000004 545.92 489.59999999999997
Fish 520.96 97.92 540.8 132.48
Fish 542.08 449.91974400000004 576.0 476.15999999999997
Fish 542.08 285.44025600000003 589.44 378.24
Fish 561.92 74.24025599999999 635.52 149.120256
Fish 567.04 214.400256 646.4 314.88
Fish 569.6 445.43999999999994 634.24 489.59999999999997
Fish 573.44 410.24025600000004 602.88 435.200256
Fish 630.4 420.48 661.12 452.480256
Fish 632.32 327.03974400000004 681.6 403.20000000000005
Fish 664.96 456.320256 730.88 504.96
Fish 675.2 483.84000000000003 700.8 518.4000000000001
Fish 699.52 433.91999999999996 746.88 457.599744
