Fish 30.08 182.400192 110.08 229.760064
Fish 31.36 83.840256 69.12 124.800192
Fish 99.2 98.559936 133.76 136.32019200000002
Fish 133.76 103.67999999999999 202.88 149.76
Fish 135.04 222.08025600000002 245.12 278.399808
Fish 167.04 224.64000000000001 852.48 551.040192
Fish 209.92 93.43987200000001 250.24 156.159936
Fish 246.4 142.080192 295.04 200.960064
Fish 287.36 131.200128 398.72 324.479808
Fish 487.68 181.119744 540.16 254.719872
Fish 529.92 233.60025599999997 634.88 275.840064
Fish 713.6 65.91974400000001 876.16 149.76
Fish 810.88 17.28 910.08 72.320256
