Fish 95.36 172.992289 167.68 195.417228
Fish 334.08 0.0 394.88 46.77184
Fish 430.08 67.915471 464.0 83.292533
Fish 439.04 433.121718 456.32 455.546657
Fish 460.16 76.88531 473.6 101.87354799999999
Fish 481.28 94.185017 502.4 106.99878
Fish 483.84 75.604002 512.64 89.05910200000001
Fish 515.2 67.915471 533.76 78.16730100000001
Fish 520.96 119.172572 545.28 133.268326
Fish 523.52 73.041386 536.32 89.05910200000001
Fish 531.2 297.93143000000003 601.6 340.218692
Fish 541.44 71.76007800000001 570.24 85.855832
Fish 547.2 53.179063 634.88 155.69326500000003
Fish 560.0 159.53718899999998 584.96 170.429673
Fish 573.44 178.11820400000002 587.52 184.525427
Fish 583.68 179.39951200000002 608.64 194.13592
Fish 593.92 467.079795 646.4 488.2234260000001
Fish 608.64 167.867057 627.2 176.836896
Fish 624.0 194.13592 642.56 200.54314300000001
Fish 629.76 178.11820400000002 652.16 187.08804300000003
Fish 632.32 486.942118 658.56 502.31918
Fish 645.12 156.974573 671.36 167.867057
Fish 654.72 179.39951200000002 671.36 185.80673499999997
Fish 657.28 125.579795 696.32 151.84865800000003
Fish 666.24 492.06735000000003 683.52 508.08506600000004
Fish 679.68 172.992289 702.72 184.525427
Fish 680.96 154.411957 698.88 163.38179599999998
Fish 701.44 155.69326500000003 723.84 164.663104
Fish 718.72 131.987018 742.4 146.723426
Fish 720.0 146.723426 739.84 156.974573
Fish 739.84 171.710981 758.4 179.39951200000002
Fish 755.2 160.81918 781.44 171.710981
Fish 771.2 140.316203 787.2 148.004734
Fish 771.2 116.609956 789.76 130.70571
Fish 802.56 133.268326 824.96 146.723426
Fish 805.12 149.28604199999998 826.24 163.38179599999998
Fish 830.08 156.974573 848.64 174.27359700000002
Fish 844.8 141.597511 860.16 154.411957
Fish 846.08 124.29848700000001 869.76 140.316203
Fish 853.76 245.39302099999998 1023.36 515.773597
Fish 864.64 172.992289 888.32 178.11820400000002
Fish 865.92 151.84865800000003 893.44 169.148365
Fish 883.84 179.39951200000002 899.84 189.65134199999997
Fish 902.4 184.525427 912.64 197.980527
Fish 903.68 169.148365 923.52 185.80673499999997
Fish 927.36 156.974573 945.92 169.148365
Fish 944.64 167.867057 958.72 179.39951200000002
Fish 954.88 125.579795 960.0 141.597511
Fish 956.16 112.124695 977.28 123.01717900000001
