Fish 7.051837 979.2 63.466174 1009.28
Fish 7.051837 856.96 71.8 890.24
Fish 8.975 823.68 66.67132600000001 851.84
Fish 10.898163 944.64 63.466174 958.72
Fish 10.898163 12.8 68.594489 42.24
Fish 46.156988999999996 171.52 318.6125 860.8
Fish 82.69816300000001 16.0 137.189337 44.16
Fish 144.241174 16.0 207.06617400000002 37.12
Fish 150.65183700000003 981.12 207.06617400000002 1009.28
Fish 217.32316299999997 14.08 282.7125 40.32
Fish 287.2 979.2 348.743011 1004.16
Fish 289.764337 10.88 348.743011 40.32
Fish 291.046326 51.2 343.61433700000003 84.48
Fish 294.893011 159.36 348.743011 196.48
Fish 296.175 236.8 340.408826 273.28
Fish 296.175 201.6 345.5375 225.92
