Fish 161.28 55.67999999999999 245.76 81.92025600000001
Fish 231.04 96.63974400000001 325.12 124.160256
Fish 356.48 146.559744 371.2 219.519744
Fish 375.68 362.88 469.12 401.91974400000004
Fish 461.44 150.399744 491.52 235.52025600000002
Fish 524.8 183.680256 595.84 229.76025600000003
Fish 554.88 249.60000000000002 564.48 307.839744
Fish 605.44 268.160256 652.8 303.99974399999996
Fish 605.44 34.56 658.56 97.92
Fish 702.08 282.87974399999996 753.28 346.239744
Fish 831.36 172.160256 846.08 235.52025600000002
Fish 905.6 219.519744 917.76 298.880256
Fish 937.6 398.079744 968.96 457.599744
Fish 962.56 88.32000000000001 970.24 177.279744
