Fish 10.819583999999999 234.108672 182.38771200000002 322.18905600000005
Fish 170.795008 353.86752 309.132288 424.94976
Fish 207.891456 132.120576 238.804992 156.072192
Fish 241.89542400000002 253.42464 595.079168 509.167104
Fish 290.58457599999997 271.968 370.185216 307.508736
Fish 327.68 241.062144 375.595008 282.011904
Fish 627.53792 404.86118400000004 738.05312 473.6256
Fish 828.474368 84.217344 844.7037439999999 126.71232
Fish 887.2089599999999 154.526976 932.0335359999999 185.43283199999996
Fish 898.0285439999999 163.79904000000002 940.534784 178.47859200000002
