Fish 46.000128000000004 411.99974399999996 67.00032 446.99980800000003
Fish 46.999552 411.99974399999996 64.0 447.99974399999996
Fish 179.999744 132.0 314.99980800000003 182.999808
Fish 190.999552 537.000192 252.99967999999998 560.000256
Fish 190.999552 538.0001279999999 254.000128 564.0
Fish 231.000064 376.99968 300.99967999999996 404.00025600000004
Fish 234.999808 372.99993600000005 293.00019199999997 396.0
Fish 336.0 479.00006399999995 396.99967999999996 515.000064
Fish 341.999616 475.00032 403.999744 506.99980800000003
Fish 424.99993600000005 470.99980800000003 483.00032000000004 503.00006399999995
Fish 460.000256 516.999936 524.99968 540.999936
Fish 460.000256 515.000064 529.999872 546.0003839999999
Fish 606.000128 475.00032 654.000128 499.00032
Fish 606.999552 466.00012799999996 657.000448 496.99968
Fish 680.999936 537.000192 741.9996160000001 564.999936
