Fish 0.0 545.066496 36.267008000000004 589.867008
Fish 51.2 411.733248 65.067008 432.0
Fish 59.732992 110.93299200000001 99.2 148.267008
Fish 92.8 72.53299200000001 123.732992 108.80025600000002
Fish 145.06700800000002 436.26700800000003 189.867008 481.06675200000006
Fish 145.06700800000002 21.333503999999998 280.532992 77.86675199999999
Fish 146.132992 545.066496 210.132992 624.0
Fish 200.53299199999998 402.133248 233.6 442.66675200000003
Fish 302.932992 10.666751999999999 337.067008 33.067008
Fish 368.0 10.666751999999999 462.932992 51.200255999999996
Fish 461.867008 126.933504 502.4 151.466496
Fish 485.332992 360.532992 683.732992 637.8670079999999
Fish 580.267008 92.799744 615.467008 154.666752
Fish 620.8 82.132992 697.6 118.400256
Fish 631.467008 30.933503999999996 660.267008 60.800256000000005
Fish 666.667008 70.400256 686.932992 78.933504
Fish 667.732992 41.600255999999995 690.132992 55.46649600000001
Fish 679.467008 206.932992 720.0 230.39999999999998
Fish 681.6 14.932991999999999 700.8 26.666496000000002
Fish 738.132992 103.466496 769.067008 132.26649600000002
Fish 743.467008 249.60000000000002 833.067008 326.4
Fish 773.332992 41.600255999999995 794.667008 52.26700799999999
Fish 797.867008 529.0667520000001 823.467008 556.8
Fish 798.932992 26.666496000000002 837.332992 48.0
Fish 798.932992 334.933248 885.332992 387.200256
Fish 806.4 55.46649600000001 854.4 97.06675200000001
Fish 855.467008 0.0 873.6 12.800255999999997
Fish 896.0 42.667007999999996 942.932992 81.067008
Fish 896.0 556.8 986.667008 613.3332479999999
Fish 915.2 139.732992 938.667008 172.8
Fish 931.2 82.132992 958.932992 103.466496
Fish 936.532992 0.0 963.2 15.999744
Fish 939.732992 122.666496 961.067008 134.39999999999998
Fish 963.2 194.13350400000002 983.467008 212.266752
Fish 968.532992 4.267008000000001 1003.732992 18.133248000000002
Fish 999.467008 167.467008 1020.8 183.46675199999999
