Fish 0.0 86.96737 32.984064000000004 125.20287499999999
Fish 0.0 125.20287499999999 43.479040000000005 139.44783999999999
Fish 113.944576 278.89501499999994 155.92345600000002 305.884705
Fish 149.177344 109.459 203.150336 151.44311000000002
Fish 150.67648 186.68013 227.13958399999999 230.16314999999997
Fish 164.919296 158.1902 222.641152 189.678615
Fish 196.404224 132.700085 250.37823999999998 160.439895
Fish 239.88326400000003 218.918 295.355392 247.407265
Fish 262.372352 442.33339500000005 345.581568 504.560105
Fish 307.349504 485.067625 387.560448 521.803555
Fish 314.09664 180.68183 373.317632 236.91090499999999
Fish 319.343616 158.1902 371.818496 185.93001
Fish 371.818496 222.666605 440.03532800000005 252.65478
Fish 378.565632 293.889435 440.03532800000005 329.126455
Fish 382.31347200000005 114.70718000000001 888.3159039999999 556.29112
Fish 431.039488 113.207605 548.731904 200.17497500000002
Fish 455.027712 243.65866 514.248704 278.14556
Fish 496.25804800000003 413.09467499999994 576.468992 493.31428999999997
Fish 535.238656 584.780385 557.727744 645.5075199999999
Fish 550.980608 164.937955 616.948736 213.66982
Fish 553.979904 569.035845 590.711808 595.2760800000001
Fish 561.475584 116.20609 613.950464 179.18292000000002
Fish 592.960512 584.780385 640.93696 643.25849
