Fish 0.0 0.0 773.76 453.62469500000003
Fish 451.2 464.517179 485.12 514.492289
Fish 471.68 519.618204 521.6 590.737628
Fish 697.6 609.958614 713.6 620.851098
Fish 713.6 633.664861 737.28 644.5573449999999
Fish 789.76 263.33269900000005 812.16 283.195022
Fish 803.84 404.289556 864.64 442.09224
Fish 809.6 622.132406 828.8 645.838653
Fish 823.68 83.292533 844.8 104.43616399999999
Fish 828.8 156.974573 871.04 187.08804300000003
Fish 878.08 401.72694 910.72 417.104002
Fish 903.04 353.03313799999995 917.12 364.565593
Fish 947.2 320.997023 970.88 338.29673
Fish 948.48 497.193265 960.0 529.869351
Fish 971.52 292.805515 984.32 317.793753
Fish 983.04 247.955637 997.76 265.255344
Fish 1002.88 233.219229 1015.68 254.36285999999998
