Fish 290.56 481.91999999999996 309.12 492.800256
Fish 344.96 353.919744 420.48 372.48
Fish 446.72 387.200256 470.4 397.43999999999994
Fish 454.4 437.120256 471.68 451.839744
Fish 472.96 312.96 558.08 353.919744
Fish 476.8 318.080256 499.84 335.36025600000005
Fish 487.68 250.88025599999997 542.08 295.68
Fish 495.36 515.199744 516.48 526.08
Fish 570.88 535.040256 585.6 547.2
Fish 595.84 506.24025600000004 615.68 527.360256
Fish 601.6 280.32 670.72 338.55974399999997
Fish 668.8 491.52 696.96 503.04
Fish 670.08 206.720256 760.32 228.48
Fish 708.48 290.55974399999997 737.92 310.400256
Fish 713.6 355.20000000000005 794.24 400.640256
Fish 745.6 462.08025599999996 769.28 480.63974399999995
Fish 753.28 421.11974399999997 798.72 444.800256
Fish 824.96 522.8797440000001 844.8 533.76
Fish 910.72 278.4 936.32 307.839744
Fish 951.68 430.719744 986.24 475.520256
