Fish 0.0 298.400256 1023.2002560000001 728.000256
Fish 40.800256 410.40000000000003 127.20025600000001 458.40000000000003
Fish 82.400256 468.800256 190.399488 502.400256
Fish 244.800512 480.800256 339.2 535.2
Fish 300.8 463.20000000000005 352.799744 495.200256
Fish 310.4 426.39974400000006 391.199744 455.199744
Fish 336.799744 458.40000000000003 428.8 504.800256
Fish 395.200512 464.799744 480.79974400000003 506.40000000000003
Fish 413.599744 406.400256 511.20025599999997 455.199744
Fish 427.200512 536.7997439999999 519.199744 567.2002560000001
Fish 456.80025599999993 486.39974400000006 546.400256 515.199744
Fish 479.20025599999997 548.7997439999999 540.8 595.2
Fish 508.8 514.400256 584.800256 551.199744
Fish 544.799744 492.800256 602.399744 516.800256
Fish 582.4 526.400256 652.8 556.8
Fish 583.199744 434.40000000000003 604.8 478.400256
Fish 599.199744 435.200256 679.199744 479.199744
Fish 672.799744 392.799744 734.400512 431.199744
Fish 684.8 351.200256 756.799488 388.79999999999995
Fish 708.799488 328.79999999999995 747.200512 368.799744
Fish 726.4 434.40000000000003 808.800256 475.20000000000005
Fish 727.199744 502.400256 823.199744 535.2
Fish 747.200512 556.8 812.8 586.400256
Fish 754.400256 471.200256 818.400256 506.40000000000003
Fish 755.9997440000001 265.599744 832.0 305.600256
Fish 764.8 344.799744 816.799744 398.40000000000003
Fish 778.399744 403.20000000000005 854.4 427.20000000000005
Fish 782.400512 486.39974400000006 866.400256 514.400256
Fish 788.799488 604.8 834.400256 690.399744
Fish 796.8 415.20000000000005 892.8 451.20000000000005
Fish 839.1997439999999 352.79999999999995 871.1997439999999 379.20000000000005
Fish 850.400256 299.199744 930.400256 334.400256
Fish 858.3997439999999 548.7997439999999 924.8 623.199744
Fish 898.400256 512.7997439999999 924.8 562.400256
Fish 928.7997439999999 386.40000000000003 1023.2002560000001 418.400256
Fish 930.400256 594.399744 994.400256 671.199744
Fish 987.2005119999999 522.399744 1023.2002560000001 560.7997439999999
