Fish 0.0 306.260615 20.48 324.84163
Fish 208.64 289.602245 224.0 304.33865299999997
Fish 236.16 278.06910700000003 277.76 294.72815999999995
Fish 272.64 281.913714 282.88 310.745876
Fish 298.88 283.195022 313.6 293.446852
Fish 298.88 178.11820400000002 426.24 269.739922
Fish 305.28 293.446852 318.72 310.745876
Fish 328.96 455.546657 683.52 682.3593460000001
Fish 351.36 115.328648 558.72 208.23167400000003
Fish 360.32 289.602245 621.44 451.06207900000004
Fish 378.88 87.777794 566.4 133.268326
Fish 536.32 526.025427 602.24 644.5573449999999
Fish 727.68 485.660127 1023.36 682.3593460000001
