Fish 1.28 146.723426 88.96 194.13592
Fish 10.24 503.600488 78.72 553.576281
Fish 48.64 267.17730600000004 132.48 305.619961
Fish 52.48 213.357589 970.24 446.576818
Fish 367.36 0.0 478.72 48.05314799999999
Fish 423.68 120.45388 529.92 187.08804300000003
Fish 577.28 225.530698 693.76 283.195022
Fish 624.0 414.541386 691.2 464.517179
Fish 659.84 358.15836999999993 723.84 398.52367
Fish 692.48 246.674329 727.68 281.913714
Fish 725.12 408.134163 757.12 436.966325
Fish 742.4 362.00297699999993 781.44 401.08628600000003
Fish 742.4 335.733431 802.56 367.12820899999997
Fish 750.08 405.571547 807.68 445.936164
Fish 751.36 440.81024899999994 810.88 485.660127
Fish 802.56 459.391264 874.88 510.64836500000007
Fish 831.36 532.43265 897.28 570.875305
Fish 843.52 383.146608 885.12 449.780771
Fish 844.8 95.46632500000001 1006.08 204.38775
Fish 876.16 453.62469500000003 949.76 494.63064899999995
Fish 899.84 532.43265 963.84 567.030698
Fish 920.96 200.54314300000001 993.28 238.345144
Fish 963.84 574.7192289999999 1023.36 628.539629
