Fish 117.99961599999999 5.000156 522.0003839999999 111.00020400000001
Fish 81.999872 225.00023 492.99967999999996 469.999726
Fish 469.00019199999997 323.0003 487.999488 339.99974399999996
Fish 549.000192 323.0003 586.0003839999999 339.99974399999996
Fish 613.000192 342.000078 622.000128 359.999689
Fish 657.999872 319.99979900000005 689.999872 346.00006699999994
Fish 714.0003839999999 363.00019000000003 787.00032 403.00007999999997
Fish 785.000448 294.999698 876.9996800000001 334.0001
Fish 849.000448 331.000278 888.9999359999999 359.999689
Fish 903.999488 331.000278 940.000256 366.00001199999997
Fish 976.0 354.000045 1004.9996800000001 371.000168
