Fish 169.6 467.840256 371.2 583.6800000000001
Fish 150.4 198.399744 307.84 282.87974399999996
Fish 373.76 423.03974400000004 507.52 494.72025600000006
Fish 380.8 536.960256 569.6 591.36
Fish 461.44 232.959744 647.68 330.87974399999996
Fish 469.12 446.72025600000006 588.16 497.28
Fish 504.96 415.359744 757.76 477.440256
Fish 588.16 311.04 792.96 379.520256
Fish 605.44 461.43974399999996 737.92 499.839744
Fish 614.4 383.36025600000005 719.36 435.200256
Fish 638.72 325.119744 844.8 394.23974400000003
Fish 700.8 193.280256 768.0 266.88
Fish 771.84 473.60025599999994 852.48 574.08
Fish 833.92 282.87974399999996 956.16 411.519744
