Fish 0.0 282.87974399999996 115.2 430.08000000000004
Fish 0.0 139.520256 143.36 262.400256
Fish 130.56 44.799744000000004 235.52 270.080256
Fish 344.32 0.0 523.52 42.24
Fish 358.4 403.20000000000005 567.04 467.199744
Fish 416.0 211.20000000000002 528.64 369.920256
Fish 442.88 409.599744 815.36 541.4399999999999
Fish 526.08 517.119744 637.44 586.239744
Fish 736.0 483.84000000000003 958.72 560.64
Fish 815.36 44.799744000000004 979.2 119.03999999999999
Fish 887.04 340.479744 1022.72 421.11974399999997
