Fish 0.0 110.843387 116.48 288.320937
Fish 1.28 0.0 396.16 347.266569
Fish 3.2 0.0 1023.36 641.9947289999999
Fish 94.08 0.0 376.32 83.292533
Fish 161.28 325.482284 576.0 661.2157149999999
Fish 326.4 124.29848700000001 974.08 577.282528
Fish 350.08 0.0 526.08 214.63889700000001
Fish 553.6 0.0 970.88 230.65661300000002
Fish 582.4 492.06735000000003 718.72 564.4680820000001
Fish 657.28 57.023669999999996 860.16 451.06207900000004
Fish 881.28 96.747633 1023.36 272.943875
Fish 958.72 274.225183 1023.36 443.373548
