Fish 26.24 135.03974399999998 52.48 156.159744
Fish 27.52 206.079744 49.92 236.79974399999998
Fish 37.76 357.12 56.32 373.119744
Fish 44.8 608.64 88.32 645.12
Fish 69.76 431.36025600000005 96.0 451.20000000000005
Fish 77.44 272.64 90.88 298.880256
Fish 105.6 228.48 130.56 251.52
Fish 124.16 182.39999999999998 147.84 202.23974399999997
Fish 139.52 465.27974399999994 163.84 493.43999999999994
Fish 141.44 371.840256 170.24 392.96025599999996
Fish 181.12 295.040256 195.2 321.279744
Fish 209.92 431.36025600000005 248.32 453.75974399999996
Fish 233.6 588.800256 278.4 629.76
Fish 237.44 224.64 261.76 238.07999999999998
Fish 266.88 416.64 293.12 442.88025600000003
Fish 296.96 410.24025600000004 331.52 437.76
Fish 307.84 235.52025600000002 321.28 255.36
Fish 332.8 533.1202559999999 360.96 563.199744
Fish 343.68 339.84000000000003 384.64 363.519744
Fish 355.2 215.679744 384.64 232.959744
Fish 360.96 256.640256 383.36 275.199744
Fish 363.52 362.240256 383.36 384.63974399999995
Fish 369.92 437.76 385.92 467.840256
Fish 383.36 534.399744 446.72 591.36
Fish 403.2 174.72 425.6 198.399744
Fish 492.8 399.36 515.2 432.63974399999995
Fish 499.2 272.00025600000004 538.88 297.6
Fish 529.92 723.2002560000001 641.28 767.360256
Fish 553.6 432.63974399999995 568.32 465.27974399999994
Fish 595.84 245.76 626.56 272.64
Fish 638.72 248.319744 657.28 272.64
Fish 650.24 410.24025600000004 679.68 431.36025600000005
Fish 730.88 197.12025600000004 756.48 215.679744
Fish 771.84 364.79999999999995 800.0 394.23974400000003
Fish 777.6 206.079744 811.52 223.359744
Fish 887.04 375.680256 904.32 404.480256
Fish 895.36 543.36 976.0 585.5999999999999
Fish 905.6 214.400256 937.6 231.680256
Fish 942.72 348.800256 971.52 374.4
Fish 998.4 357.12 1023.36 391.68
