Fish 232.32 33.279743999999994 480.64 151.040256
Fish 0.0 184.959744 121.6 305.28000000000003
Fish 124.16 298.880256 256.0 373.119744
Fish 142.72 721.92 217.6 765.440256
Fish 149.12 190.07999999999998 223.36 251.52
Fish 154.24 15.999744 223.36 105.60000000000001
Fish 206.08 703.359744 301.44 767.360256
Fish 224.64 208.640256 312.96 256.640256
Fish 247.04 507.519744 312.96 575.360256
Fish 270.72 378.24 323.84 416.64
Fish 311.68 531.84 397.44 586.880256
Fish 403.2 289.280256 475.52 336.0
Fish 441.6 194.55974399999997 507.52 245.76
Fish 492.8 121.599744 648.96 198.399744
Fish 498.56 317.439744 576.0 385.91999999999996
Fish 523.52 455.04 590.72 534.399744
Fish 564.48 255.36 617.6 320.00025600000004
Fish 568.32 328.959744 812.8 515.840256
Fish 645.12 67.19999999999999 770.56 117.759744
Fish 654.08 48.639744 810.24 135.03974399999998
Fish 699.52 509.43974399999996 749.44 542.079744
Fish 711.04 615.039744 746.88 657.2797439999999
Fish 720.64 636.159744 802.56 687.999744
Fish 776.32 34.56 863.36 119.03999999999999
Fish 785.28 394.23974400000003 884.48 445.43999999999994
Fish 839.68 159.999744 869.76 203.52
Fish 860.8 592.640256 897.92 609.920256
Fish 884.48 305.28000000000003 944.0 373.119744
Fish 910.72 480.0 1016.96 519.680256
Fish 930.56 74.24025599999999 1000.96 108.15974399999999
Fish 935.04 1.280256 998.4 44.799744000000004
Fish 963.84 96.63974400000001 1020.8 124.160256
Fish 968.96 679.6800000000001 1023.36 753.920256
Fish 1000.96 275.199744 1023.36 306.560256
Fish 1002.24 394.23974400000003 1023.36 432.63974399999995
Fish 1006.08 181.119744 1023.36 208.640256
