Fish 0.0 638.72 39.669903 658.56
Fish 10.2375 579.84 55.666611 595.2
Fish 20.475 497.28 69.742764 521.6
Fish 24.313653000000002 717.44 97.25625 735.36
Fish 32.632236 58.24 784.4480280000001 554.24
Fish 90.21776399999999 658.56 146.524014 682.88
Fish 165.71973599999998 495.36 223.305264 504.32
Fish 174.677139 743.68 206.03009700000004 840.32
Fish 244.42072200000004 691.2 294.967764 707.2
Fish 275.772861 583.04 326.320722 600.32
Fish 277.692597 749.44 323.12088900000003 828.16
Fish 384.54588900000005 784.0 454.289472 801.92
Fish 385.82598599999994 836.48 435.09375 852.48
Fish 405.02088900000007 874.88 451.0896390000001 890.88
Fish 466.445889 789.76 524.032236 826.24
Fish 602.732403 698.24 667.3572360000001 721.28
Fish 621.928125 112.64 707.6667780000001 152.96
Fish 680.1541110000001 801.92 758.8542780000001 829.44
Fish 693.590625 201.6 776.1302639999999 215.68
Fish 751.8166110000001 714.24 793.40625 740.48
Fish 751.8166110000001 160.0 818.360361 172.16
Fish 755.015625 530.56 792.1269719999999 547.84
Fish 769.0917780000001 642.56 805.563486 656.64
Fish 772.2916110000001 597.12 809.4021389999999 616.32
Fish 778.05 769.92 818.360361 785.92
Fish 797.2449030000001 572.8 818.360361 581.12
Fish 807.4824030000001 714.24 818.360361 728.32
