Fish 0.0 694.0001279999999 53.999616 724.99968
Fish 35.999744 88.99967999999998 51.00032 111.99974399999999
Fish 39.999488 297.00019199999997 108.99968 360.0
Fish 46.999552 135.999744 69.999616 158.999808
Fish 51.999744 444.0 85.999616 491.00006399999995
Fish 94.000128 127.00032000000002 135.99948799999999 142.00012800000002
Fish 94.99955200000001 136.99967999999998 117.000192 153.000192
Fish 110.99955200000001 28.99968 149.000192 46.000128000000004
Fish 120.00051200000001 144.999936 142.000128 164.000256
Fish 129.999872 144.999936 165.000192 168.999936
Fish 202.000384 507.99974399999996 234.999808 528.0
Fish 211.999744 247.00032 222.000128 258.000384
Fish 229.000192 183.999744 241.000448 194.99980800000003
Fish 257.000448 227.00006399999998 268.000256 253.99987199999998
Fish 280.999936 259.00032 295.000064 278.99980800000003
Fish 282.000384 138.000384 298.99980800000003 155.000064
Fish 289.000448 459.99974399999996 320.0 479.00006399999995
Fish 423.999488 149.999616 451.00032000000004 163.00032000000002
Fish 455.00006399999995 273.00019199999997 469.999616 283.00032
Fish 483.999744 285.00019199999997 499.00032000000004 290.99980800000003
Fish 485.999616 313.999872 499.00032000000004 335.00006399999995
Fish 488.99993600000005 268.99968 506.000384 277.999872
Fish 497.00044800000006 332.00025600000004 526.000128 348.99993600000005
Fish 503.00006399999995 224.000256 520.999936 230.99980800000003
Fish 503.00006399999995 444.99993600000005 538.0003839999999 457.99987200000004
Fish 504.99993600000005 260.00025600000004 520.999936 273.00019199999997
Fish 506.99980800000003 296.00025600000004 520.999936 310.000128
Fish 510.000128 82.000128 542.000128 104.00025600000001
Fish 513.000448 322.000128 529.000448 325.999872
Fish 513.000448 303.99974399999996 840.9999359999999 444.0
Fish 519.999488 264.99993600000005 540.0002559999999 283.00032
Fish 520.999936 251.00006399999998 533.000192 258.000384
Fish 524.0002559999999 235.00032 536.999936 245.999616
Fish 529.000448 543.999744 549.9996160000001 562.0001279999999
Fish 533.000192 446.99980800000003 1022.999552 767.000064
Fish 533.9996160000001 581.9996160000001 549.000192 590.999808
Fish 536.999936 287.00006399999995 552.999936 296.00025600000004
Fish 540.99968 472.99968 558.999552 507.99974399999996
Fish 545.000448 252.0 561.000448 258.000384
Fish 552.999936 540.0 572.0002559999999 552.0
Fish 556.0002559999999 668.000256 584.999936 677.9996160000001
Fish 558.999552 282.000384 572.99968 296.00025600000004
Fish 563.00032 649.9998720000001 576.0 656.000256
Fish 563.00032 600.999936 595.9997440000001 615.999744
Fish 563.9997440000001 528.0 588.0002559999999 539.000064
Fish 576.0 721.9998720000001 604.0002559999999 742.0001279999999
Fish 583.999488 645.000192 597.9996160000001 660.0
Fish 583.999488 273.00019199999997 602.999808 289.999872
Fish 584.999936 516.0 611.9997440000001 528.999936
Fish 602.0003839999999 610.0001279999999 622.999552 618.0003839999999
Fish 613.9996160000001 669.000192 641.999872 681.000192
Fish 620.99968 574.0001279999999 638.999552 586.0001279999999
Fish 634.0003839999999 266.99980800000003 641.999872 287.00006399999995
Fish 645.000192 324.0 661.000192 330.000384
Fish 650.0003839999999 699.999744 670.000128 714.0003839999999
Fish 657.999872 602.999808 691.00032 621.000192
Fish 677.9996160000001 320.00025600000004 691.00032 328.99968
Fish 677.9996160000001 287.00006399999995 700.99968 298.000128
Fish 693.000192 644.000256 712.999936 657.000192
Fish 696.000512 731.000064 707.00032 743.000064
Fish 705.000448 324.99993600000005 723.00032 336.99993600000005
Fish 714.999808 675.999744 728.000512 696.0
Fish 716.0002559999999 517.9998720000001 734.999552 529.9998720000001
Fish 720.0 300.0 746.0003839999999 309.00019199999997
Fish 730.0003839999999 704.000256 739.9997440000001 719.000064
Fish 748.0002559999999 585.000192 773.9996160000001 600.999936
Fish 757.000192 697.9998720000001 773.9996160000001 718.0001279999999
Fish 766.000128 298.000128 787.00032 303.99974399999996
Fish 796.99968 313.999872 817.000448 325.999872
Fish 812.0002559999999 729.000192 828.99968 748.99968
Fish 853.000192 505.99987200000004 874.999808 522.0003839999999
Fish 903.0000640000001 584.000256 920.9999359999999 607.00032
Fish 924.000256 701.9996160000001 940.000256 714.0003839999999
