Fish 0.0 149.512132 96.79974399999999 183.892434
Fish 63.200256 285.432686 120.00051200000001 325.40948
Fish 74.399744 275.03900600000003 227.2 380.57646
Fish 85.600256 73.55711 237.599744 147.113538
Fish 129.600512 628.431628 269.599744 681.200696
Fish 207.200256 175.097362 304.0 236.661502
Fish 280.000512 441.34129599999994 304.799744 496.508958
Fish 284.000256 350.194724 405.600256 458.93075799999997
Fish 295.999488 96.743064 377.6 160.705798
Fish 424.80025599999993 199.88260599999998 497.60051200000004 230.26502400000004
Fish 466.40025599999996 386.173634 656.0 485.31529200000006
Fish 470.4 183.092448 537.6 230.26502400000004
Fish 477.59974400000004 4.797188 546.400256 32.781012000000004
Fish 484.799488 287.031976 637.599744 380.57646
Fish 492.8 313.41651 584.800256 359.78909999999996
Fish 493.59974400000004 205.47978 564.799488 252.651674
Fish 649.6 309.418626 718.400512 366.184896
Fish 704.799744 492.51107399999995 781.599744 542.881548
Fish 810.399744 183.092448 879.2002560000001 279.036208
Fish 858.3997439999999 213.474866 967.999488 284.63338200000004
Fish 859.2005119999999 371.78207000000003 888.8002560000001 418.953964
Fish 941.599744 538.8836640000001 1011.2 582.858342
