Fish 294.4 344.319744 382.08 428.15999999999997
Fish 0.0 285.44025600000003 37.76 384.63974399999995
Fish 24.96 759.680256 76.8 767.360256
Fish 39.04 169.599744 72.32 218.240256
Fish 47.36 49.280256 105.6 107.52000000000001
Fish 81.92 90.24 130.56 108.80025600000002
Fish 91.52 279.680256 103.04 303.36
Fish 135.68 37.119744 163.84 55.67999999999999
Fish 147.2 282.24 197.12 337.92
Fish 154.24 138.879744 208.64 202.23974399999997
Fish 158.08 104.96025600000002 209.92 128.64000000000001
Fish 186.24 135.03974399999998 249.6 159.999744
Fish 209.92 94.08 264.32 131.19974399999998
Fish 210.56 277.119744 232.96 318.080256
Fish 264.32 29.439743999999997 318.08 53.120256
Fish 306.56 147.200256 385.92 204.159744
Fish 337.92 72.96000000000001 356.48 91.520256
Fish 341.12 43.520255999999996 364.8 59.519999999999996
Fish 356.48 666.8797440000001 383.36 698.88
Fish 360.96 65.28 400.64 99.200256
Fish 377.6 594.560256 400.64 627.2002560000001
Fish 387.2 103.040256 417.28 120.320256
Fish 392.32 40.959744 442.88 71.679744
Fish 435.84 727.6800000000001 476.8 767.360256
Fish 444.16 452.480256 470.4 477.440256
Fish 444.16 161.28 471.68 178.56
Fish 491.52 116.480256 512.64 136.32
Fish 544.64 276.48 605.44 309.759744
Fish 572.8 387.84000000000003 670.72 440.96025599999996
Fish 575.36 600.96 612.48 636.800256
Fish 617.6 168.320256 643.84 193.280256
Fish 671.36 140.16 708.48 186.879744
Fish 812.8 89.600256 840.96 120.320256
Fish 849.92 143.360256 900.48 177.920256
Fish 910.08 485.76 940.8 522.8797440000001
