Fish 0.0 369.920256 25.6 405.75974399999996
Fish 0.0 510.08025599999996 69.12 565.760256
Fish 0.0 697.599744 154.24 741.759744
Fish 15.36 743.04 41.6 767.360256
Fish 32.0 152.96025600000002 371.2 294.399744
Fish 40.32 429.440256 87.68 449.28
Fish 53.76 458.24025600000004 85.12 478.08000000000004
Fish 93.44 591.999744 120.96 610.5600000000001
Fish 138.24 364.160256 186.88 382.719744
Fish 140.8 447.36 161.92 474.24
Fish 164.48 233.600256 459.52 340.479744
Fish 185.6 448.640256 210.56 471.03974400000004
Fish 204.16 655.359744 241.28 679.6800000000001
Fish 208.0 513.920256 236.16 544.640256
Fish 222.72 553.599744 243.84 574.719744
Fish 222.72 448.640256 257.28 468.48
Fish 282.24 584.319744 319.36 602.88
Fish 288.64 266.88 532.48 375.03974400000004
Fish 298.24 703.359744 357.76 728.319744
Fish 323.2 437.120256 351.36 455.679744
Fish 325.76 125.439744 590.72 224.64
Fish 336.64 560.64 375.04 578.559744
Fish 346.88 663.680256 381.44 683.52
Fish 351.36 62.079744000000005 463.36 128.000256
Fish 352.64 115.19999999999999 531.2 222.08025600000002
Fish 353.92 471.03974400000004 377.6 500.480256
Fish 377.6 645.12 410.88 659.840256
Fish 381.44 670.08 517.76 767.360256
Fish 384.0 563.199744 430.72 583.040256
Fish 391.04 487.040256 421.12 499.20000000000005
Fish 392.32 176.000256 576.0 292.479744
Fish 426.24 634.239744 455.68 646.400256
Fish 426.24 277.119744 594.56 413.43974399999996
Fish 440.96 703.359744 474.24 733.4399999999999
Fish 450.56 606.72 485.76 624.0
Fish 455.68 0.0 595.84 116.480256
Fish 470.4 743.04 494.08 762.8797440000001
Fish 497.92 540.800256 520.32 558.72
Fish 562.56 299.52 677.76 407.04
Fish 701.44 129.279744 782.08 237.44025600000003
Fish 712.32 315.519744 766.08 408.320256
Fish 798.08 32.000256 825.6 65.91974400000001
