Fish 603.4155519999999 91.032576 722.653184 166.89408
Fish 29.628415999999998 94.64524799999998 58.534912 137.271552
Fish 54.921216 124.98969600000001 88.163328 161.836032
Fish 77.324288 234.084864 106.22976000000001 257.92665600000004
Fish 175.604736 54.908928 204.511232 74.41612800000001
Fish 329.530368 374.969088 376.502272 414.70540800000003
Fish 470.447104 83.80799999999999 523.201536 126.434304
Fish 471.892992 713.091072 502.24435199999994 733.32096
Fish 498.63065599999993 408.92544 517.420032 432.045312
Fish 548.4943360000001 187.1232 562.9470719999999 203.01772800000003
Fish 560.05632 241.30944 578.122752 260.09395199999994
Fish 578.122752 338.121984 591.853568 354.7392
Fish 636.657664 183.510528 680.016896 203.01772800000003
Fish 643.162112 404.59084799999994 664.841216 423.37535999999994
Fish 719.040512 301.27564800000005 739.2747519999999 322.227456
Fish 720.485376 482.61888 761.6768 506.460672
Fish 734.938112 330.17472 760.231936 354.7392
Fish 761.6768 258.649344 786.9696 277.433856
Fish 766.73536 337.400064 776.129536 367.743744
Fish 771.7939200000001 696.473856 799.9774719999999 713.81376
Fish 792.02816 177.00864 818.043904 211.68767999999997
Fish 911.9887359999999 452.99711999999994 929.332224 467.44704
Fish 914.1565439999999 23.841791999999998 974.859264 54.908928
Fish 945.230848 356.184576 980.640768 389.4190080000001
Fish 977.0270720000001 322.950144 991.4808320000001 343.90195200000005
