Fish 0.0 542.7202560000001 180.48 595.839744
Fish 0.0 636.800256 197.76 744.96
Fish 0.0 598.400256 371.2 767.360256
Fish 0.0 556.160256 417.28 655.359744
Fish 20.48 591.36 405.12 690.560256
Fish 29.44 509.43974399999996 432.0 563.840256
Fish 56.32 479.36025600000005 253.44 520.3199999999999
Fish 76.16 492.159744 444.8 562.5600000000001
Fish 103.68 448.640256 268.8 479.36025600000005
Fish 229.12 446.079744 522.88 624.639744
Fish 264.96 479.36025600000005 480.64 604.8
Fish 795.52 378.87974399999996 987.52 489.59999999999997
