Fish 319.36 278.4 399.36 398.079744
Fish 0.0 55.67999999999999 48.64 97.92
Fish 0.0 552.96 53.76 579.2002560000001
Fish 0.64 400.640256 31.36 424.32
Fish 32.64 693.12 51.2 704.64
Fish 37.76 357.12 64.64 375.680256
Fish 69.76 572.7997439999999 101.76 590.079744
Fish 77.44 371.840256 97.28 383.36025600000005
Fish 93.44 507.519744 119.68 527.360256
Fish 96.0 23.679744 117.12 71.03999999999999
Fish 96.0 399.36 151.68 420.48
Fish 101.76 157.44 114.56 179.840256
Fish 161.28 198.399744 187.52 229.76025600000003
Fish 187.52 646.400256 196.48 661.119744
Fish 249.6 88.32000000000001 261.76 135.03974399999998
Fish 275.84 593.919744 282.88 605.439744
Fish 407.04 34.56 516.48 142.719744
Fish 600.32 235.52025600000002 620.16 268.160256
Fish 629.12 0.0 756.48 44.799744000000004
Fish 941.44 680.960256 951.68 695.679744
