Fish 70.887424 442.623766 328.659968 619.80191
Fish 47.043584 237.740984 358.94784 389.792078
Fish 48.331776 50.2541 338.325504 195.862836
Fish 56.71014399999999 628.1778620000001 340.903936 768.631422
Fish 356.370432 50.2541 675.3628160000001 186.19809
Fish 362.814464 642.351372 645.7190400000001 778.295362
Fish 375.702528 512.2065520000001 675.3628160000001 630.11065
Fish 395.035648 286.062296 641.8524160000001 492.233066
Fish 395.035648 197.150824 663.7629440000001 289.927872
Fish 668.274688 607.560382 987.2670720000001 772.496998
Fish 691.4734080000001 461.95245200000005 985.9788800000001 581.144538
Fish 697.2733440000001 50.2541 991.1336960000001 193.285248
Fish 703.07328 239.02977800000002 984.045568 407.83196999999996
