Fish 213.12 0.0 438.4 666.3590129999999
Fish 410.88 86.498561 458.24 263.980591
Fish 423.04 238.992103 467.2 431.851818
Fish 463.36 72.40218300000001 512.0 322.92805000000004
Fish 469.76 247.962586 514.56 446.589183
Fish 469.76 452.99638500000003 533.12 604.20862
Fish 514.56 249.24389299999999 573.44 455.55899900000003
Fish 523.52 80.091359 581.76 270.387793
Fish 567.04 247.962586 620.8 422.88200200000006
Fish 588.16 73.684157 630.4 251.80717399999997
Fish 589.44 435.696406 639.36 599.082725
Fish 597.12 0.0 1023.36 529.243156
Fish 615.68 215.28558900000002 678.4 497.847466
Fish 673.28 237.71079600000002 716.8 425.444616
