Fish 162.56 466.86594 309.12 612.2411400000001
Fish 267.52 452.13663599999995 401.28 614.8031400000001
Fish 289.92 412.43075999999996 480.64 542.435424
Fish 363.52 507.212316 526.08 642.34098
Fish 435.2 406.0264920000001 624.0 530.9078880000001
Fish 486.4 549.480192 596.48 605.8376039999999
Fish 508.8 406.0264920000001 661.12 491.202012
Fish 584.96 517.459584 737.28 573.1757640000001
Fish 602.24 366.960384 693.76 412.43075999999996
Fish 625.92 402.183492 809.6 480.95547600000003
Fish 671.36 379.76892 830.08 454.69790400000005
Fish 684.8 314.445972 826.24 381.04992000000004
Fish 704.64 469.42794 828.8 523.223352
Fish 792.32 298.43566799999996 918.4 384.892188
Fish 821.12 260.651292 883.84 338.141544
Fish 876.16 297.154668 937.6 345.826812
Fish 881.28 264.49356 944.64 307.401936
Fish 903.68 218.38341599999998 967.04 263.21256
Fish 961.28 195.968844 1011.2 258.089292
