Fish 0.0 491.921408 122.143744 580.6008320000001
Fish 0.0 133.856256 187.399168 470.1696
Fish 0.0 276.078592 1022.326784 1022.326784
Fish 38.483968 363.0848 312.889344 471.842816
Fish 100.391936 200.783872 602.3526400000001 573.908992
Fish 130.509824 194.09100800000002 297.8304 363.0848
Fish 160.627712 25.09824 292.810752 115.45088
Fish 237.594624 142.222336 545.46432 401.56876800000003
Fish 301.176832 15.058944 712.783872 145.568768
Fish 418.300928 215.84281600000003 786.4053759999999 498.61427199999997
Fish 739.555328 8.36608 1022.326784 108.758016
