Fish 532.48 207.505764 730.24 403.483392
Fish 0.0 85.820112 593.92 528.370848
Fish 75.52 0.0 410.24 195.977628
Fish 156.8 465.607008 264.32 513.640224
Fish 336.64 142.17966 455.04 184.449492
Fish 412.8 16.011072000000002 462.72 55.719324
Fish 455.04 35.864856 513.92 67.24746
Fish 482.56 528.370848 566.4 566.15706
Fish 597.76 454.719096 633.6 465.607008
Fish 679.04 315.74124 856.32 379.78621200000003
Fish 714.88 383.628924 767.36 422.056044
Fish 720.0 176.764068 748.8 198.53920799999997
Fish 721.28 255.539664 746.24 264.505536
Fish 732.8 238.24746 757.76 248.494464
Fish 736.64 147.303504 757.76 173.56158
Fish 739.84 423.33717600000006 773.76 445.75254000000007
Fish 746.24 255.539664 769.92 264.505536
Fish 747.52 283.078872 768.64 301.0113
Fish 756.48 218.39299200000002 767.36 244.651752
Fish 769.92 203.02214399999997 801.28 236.96632800000003
Fish 780.16 278.595252 801.28 299.73016800000005
Fish 780.16 264.505536 806.4 279.87638400000003
Fish 797.44 194.696496 831.36 208.145988
Fish 810.24 574.483392 853.76 596.8987559999999
Fish 814.08 222.23570399999997 897.28 270.909828
Fish 887.68 582.168816 976.0 627.000228
Fish 896.0 397.07841599999995 1020.16 475.854012
Fish 927.36 242.090172 954.88 284.35932
