Fish 28.000256 664.99968 62.999552 706.0001279999999
Fish 101.999616 627.999744 136.99993600000002 663.999744
Fish 113.999872 588.999936 145.999872 627.999744
Fish 129.999872 562.0001279999999 163.999744 611.000064
Fish 176.0 586.0001279999999 234.999808 636.999936
Fish 190.999552 553.9998720000001 231.99948799999999 602.999808
Fish 195.00032 495.99974399999996 234.000384 537.000192
Fish 252.99967999999998 581.9996160000001 296.999936 644.000256
Fish 312.000512 467.00006399999995 352.0 515.000064
Fish 346.000384 455.00006399999995 385.000448 492.0
Fish 346.99980800000003 364.99968 385.000448 410.99980800000003
Fish 350.00012799999996 535.00032 401.99987200000004 595.00032
Fish 359.000064 423.99974399999996 394.99980800000003 461.99961600000006
Fish 371.00032000000004 340.99968 410.99980800000003 393.00019199999997
Fish 375.000064 475.00032 408.999936 528.0
Fish 421.999616 322.000128 458.99980800000003 372.99993600000005
Fish 440.000512 551.000064 504.000512 602.999808
Fish 465.00044800000006 407.00006399999995 517.000192 468.99993600000005
Fish 476.99967999999996 324.99993600000005 517.9996160000001 379.00032
Fish 510.000128 267.99974399999996 538.0003839999999 319.00032
Fish 513.999872 302.99980800000003 549.000192 368.00025600000004
Fish 533.000192 279.99974399999996 574.000128 336.99993600000005
Fish 552.999936 278.99980800000003 592.0 319.00032
Fish 560.0 317.999616 620.0002559999999 386.99980800000003
Fish 611.9997440000001 380.00025600000004 664.999936 433.99987200000004
Fish 645.9996160000001 282.000384 689.000448 349.999872
Fish 645.9996160000001 348.99993600000005 716.0002559999999 423.99974399999996
Fish 752.0 307.00032 787.00032 364.99968
Fish 762.0003839999999 175.00032000000002 782.999552 197.999616
Fish 824.999936 143.000064 860.9996800000001 157.99987199999998
Fish 826.0003839999999 244.99968 867.0003199999999 317.999616
Fish 830.000128 333.00019199999997 910.999552 399.99974399999996
Fish 876.9996800000001 177.000192 906.999808 225.00019199999997
Fish 901.9996160000001 132.999936 961.9998720000001 191.000064
Fish 965.9996160000001 100.99967999999998 1011.999744 128.000256
