Fish 126.08 159.35999999999999 345.6 283.520256
Fish 0.0 88.32000000000001 69.76 162.56025599999998
Fish 125.44 488.319744 209.92 543.999744
Fish 163.84 34.56 259.2 153.60000000000002
Fish 333.44 103.040256 417.92 183.680256
Fish 336.0 293.76 488.96 423.680256
Fish 390.4 215.679744 451.2 255.36
Fish 456.32 362.88 551.04 428.799744
Fish 518.4 289.92 625.28 370.56
Fish 571.52 0.0 684.8 46.719744000000006
Fish 584.32 10.880256 769.92 152.319744
Fish 668.8 407.679744 769.28 488.319744
Fish 677.12 421.11974399999997 921.6 599.679744
Fish 721.92 277.760256 760.32 332.15999999999997
Fish 848.0 41.600255999999995 1023.36 158.079744
Fish 900.48 396.159744 1023.36 501.75974399999996
