Fish 50.412544 346.51260599999995 236.307456 571.7458340000001
Fish 174.867456 207.9077 387.54508799999996 464.64182600000004
Fish 239.458304 434.715666 393.84576 592.22152
Fish 285.145088 40.951372 486.79424000000006 244.134176
Fish 308.77491200000003 222.08307 505.698304 401.64002999999997
Fish 447.40915199999995 80.328006 593.92 286.660286
Fish 471.04 422.115716 622.276608 589.071362
Fish 582.892544 401.64002999999997 686.867456 544.969832
Fish 598.64576 237.83386000000002 729.4033919999999 355.96308
Fish 623.8525440000001 83.47816399999999 801.870848 266.1846
Fish 631.729152 285.085548 793.99424 455.19135199999994
Fish 838.105088 370.13845000000003 1008.24576 533.94462
