Fish 0.0 197.317026 26.88 221.02059300000002
Fish 0.0 380.540076 70.4 406.806246
Fish 0.0 313.27293899999995 103.04 336.97650600000003
Fish 0.0 240.880596 117.76 272.271972
Fish 0.0 281.88156299999997 138.24 317.116503
Fish 0.0 431.79145500000004 150.4 460.620228
Fish 0.0 183.863871 185.6 202.442232
Fish 23.04 276.756357 150.4 314.5539
Fish 23.04 535.574493 174.08 560.559702
Fish 26.88 226.145799 156.8 251.13100799999998
Fish 34.56 342.101712 195.2 376.69583100000006
Fish 62.72 484.323795 227.84 511.870926
Fish 72.96 377.977473 180.48 415.775016
Fish 117.76 94.814949 264.32 128.76824699999997
Fish 149.12 338.25746699999996 259.2 367.08624
Fish 150.4 423.46282499999995 284.16 444.60378899999995
Fish 151.68 173.61345899999998 240.64 208.84839899999997
Fish 192.0 418.33761899999996 366.72 461.901189
Fish 199.04 205.645656 323.84 255.61539300000004
Fish 204.16 135.81591600000002 336.64 168.48825300000001
Fish 204.16 226.78662 346.24 254.333751
Fish 235.52 520.840377 398.08 541.9813409999999
Fish 238.72 248.568405 382.72 279.31896
Fish 256.64 539.418738 391.68 581.060526
Fish 273.92 275.475396 416.64 316.475682
Fish 286.72 92.252346 504.32 117.236874
Fish 288.0 459.338586 440.32 489.449001
Fish 310.4 484.323795 462.72 519.5587350000001
Fish 321.92 281.24074199999995 380.16 349.1487
Fish 321.92 568.2475109999999 405.12 628.46766
Fish 330.24 397.83747600000004 472.96 412.572273
Fish 332.8 306.866091 457.6 336.97650600000003
Fish 342.4 162.082086 478.72 200.52044999999998
Fish 348.8 129.409068 462.72 178.09784399999998
Fish 374.4 60.86097 485.12 93.533307
Fish 380.16 233.833608 492.8 276.756357
Fish 390.4 491.370783 550.4 527.246544
Fish 400.64 336.97650600000003 552.96 380.540076
Fish 407.68 381.82103700000005 555.52 412.572273
Fish 437.76 268.427727 501.76 315.835542
Fish 437.76 503.542977 546.56 566.325729
Fish 458.88 313.91376 609.28 346.586097
Fish 461.44 59.579328 575.36 83.282895
Fish 472.32 106.98714299999999 528.64 138.377838
Fish 474.24 219.09881099999998 558.08 255.61539300000004
Fish 474.24 447.166392 571.52 500.98037400000004
Fish 479.36 167.84743199999997 546.56 203.083053
Fish 482.56 106.98714299999999 578.56 173.61345899999998
Fish 490.24 243.443199 547.84 313.27293899999995
Fish 490.24 0.0 602.88 41.000967
Fish 500.48 394.634052 600.32 461.901189
Fish 510.08 477.276807 606.72 503.542977
Fish 522.88 528.527505 675.2 557.356278
Fish 552.96 296.61636000000004 684.16 325.445133
Fish 558.08 170.410035 681.6 205.00483499999999
Fish 558.08 456.775983 711.68 520.840377
Fish 563.84 424.744467 667.52 460.620228
Fish 566.4 191.550999 615.04 244.08401999999998
Fish 570.24 363.24267599999996 707.84 410.64981000000006
Fish 577.92 216.536208 705.28 244.08401999999998
Fish 587.52 373.49308799999994 671.36 429.22885199999996
Fish 592.64 165.284829 680.32 195.39524399999996
Fish 608.0 236.39621099999997 652.8 299.17896299999995
Fish 608.0 245.36498100000003 1023.36 502.26133500000003
Fish 655.36 236.39621099999997 688.0 312.632118
Fish 672.64 529.8091469999999 827.52 549.6691500000001
Fish 673.92 209.48922 802.56 262.02156
Fish 750.08 167.20729200000002 813.44 253.693611
Fish 801.28 207.567438 878.72 231.27100500000003
Fish 824.96 194.754423 944.64 256.256214
Fish 842.88 470.869959 944.0 531.090108
Fish 849.92 108.90892500000001 937.6 187.70743499999998
Fish 881.28 198.59798700000002 1020.8 277.397178
Fish 956.16 181.30126800000002 1023.36 199.238808
