Fish 624.64 90.110922 730.112 181.245661
Fish 350.208 114.68662800000001 470.016 229.37325600000003
Fish 497.664 82.942837 563.2 166.910174
Fish 503.808 244.733243 535.552 292.86083799999994
Fish 508.928 273.4049 547.84 309.24464199999994
Fish 577.536 138.238517 621.568 207.869684
Fish 577.536 260.09323 632.832 332.79584800000003
Fish 588.8 113.662811 632.832 164.86185700000001
Fish 656.384 226.30112200000002 718.848 296.95678899999996
Fish 690.176 200.70159900000002 753.664 257.021096
Fish 727.04 271.356583 823.296 349.1796519999999
Fish 754.688 162.814223 790.528 264.189181
Fish 792.576 178.17421 876.544 267.260632
