Fish 195.00032 246.999788 236.99967999999998 264.00024
Fish 206.999552 257.000296 259.00032000000004 312.000346
Fish 238.999552 356.999888 280.999936 377.99971999999997
Fish 295.000064 272.999874 344.000512 300.000148
Fish 318.999552 294.999894 364.000256 320.99998
Fish 396.000256 589.999788 432.0 611.999808
Fish 414.00012799999996 95.000024 462.99955199999994 177.99985
Fish 421.999616 651.00028 488.99993600000005 677.999868
Fish 472.000512 136.000186 517.9996160000001 195.99980399999998
Fish 472.000512 187.00017 551.000064 231.999712
Fish 517.9996160000001 625.999696 597.000192 655.999848
Fish 570.999808 239.00034199999996 650.999808 289.000138
Fish 593.999872 82.00032399999999 739.00032 129.999744
Fish 597.9996160000001 640.00027 686.999552 676.000178
Fish 679.000064 348.000254 721.999872 392.000294
Fish 696.000512 49.999796 789.000192 118.000232
Fish 727.000064 432.000268 753.999872 490.999698
Fish 736.0 670.9999240000001 798.999552 684.999812
Fish 741.9996160000001 132.00012 803.9997440000001 173.99978399999998
Fish 899.999744 151.000262 928.0 191.999738
Fish 901.9996160000001 271.000184 933.9996160000001 307.000092
Fish 952.9999359999999 494.000262 981.9996160000001 528.9999819999999
Fish 972.000256 528.9999819999999 1022.999552 549.000312
