Fish 786.56 469.948167 915.84 572.390052
Fish 0.0 632.574267 110.08 758.704128
Fish 62.72 498.759807 209.92 621.689172
Fish 79.36 113.965644 113.28 131.25262800000002
Fish 129.92 195.918255 163.84 213.84569700000003
Fish 205.44 527.571447 256.0 624.8905649999999
Fish 243.84 463.546278 323.84 496.83933
Fish 279.04 254.18199299999998 354.56 300.280617
Fish 300.8 345.098325 323.84 357.263439
Fish 309.76 683.154303 343.68 712.606401
Fish 317.44 550.620759 391.68 614.006367
Fish 397.44 635.774763 458.88 669.068712
Fish 552.96 257.38338600000003 595.84 316.927143
Fish 576.0 417.44765399999994 656.0 489.15652499999993
Fish 674.56 694.038501 877.44 813.766473
