Fish 602.24 525.927701 862.72 691.0
Fish 15.36 133.721629 317.44 264.883103
Fish 40.32 13.435804 320.0 174.669598
Fish 51.2 303.27229900000003 307.84 413.32026799999994
Fish 227.84 420.997969 430.08 552.160134
Fish 287.36 243.76959800000003 378.88 343.58040200000005
Fish 311.04 112.60743300000001 510.08 211.139196
Fish 317.44 321.187165 418.56 402.443237
Fish 355.2 507.372969 433.92 690.360134
Fish 357.76 245.04933 502.4 343.58040200000005
Fish 412.8 0.0 654.72 113.88716500000001
Fish 421.12 423.557433 574.72 524.647969
Fish 433.92 528.4871649999999 498.56 608.4641959999999
Fish 453.76 0.0 679.68 44.787165
Fish 480.0 228.414196 876.16 431.235134
Fish 496.0 504.81419600000004 556.16 625.739196
Fish 545.28 582.231763 618.88 690.360134
Fish 571.52 108.768237 634.88 167.63176299999998
Fish 652.16 418.43919600000004 865.92 508.652701
Fish 720.0 0.0 953.6 57.583103
Fish 766.08 82.535804 1000.96 220.096629
Fish 933.76 198.342567 1023.36 305.831763
