Fish 72.32 252.800256 1023.36 767.360256
Fish 166.4 207.36 207.36 241.92000000000002
Fish 167.68 90.87974399999999 216.32 142.719744
Fish 236.16 177.279744 288.0 220.79999999999998
Fish 431.36 369.920256 602.24 554.88
Fish 542.08 313.599744 606.72 370.56
Fish 547.2 285.44025600000003 696.96 362.240256
Fish 572.16 248.319744 610.56 279.03974400000004
Fish 585.6 239.36025600000002 610.56 259.20000000000005
Fish 593.28 400.640256 645.12 431.36025600000005
Fish 754.56 211.839744 847.36 281.600256
Fish 892.16 273.920256 921.6 298.880256
