Fish 19.2 535.040256 327.68 621.440256
Fish 0.0 718.08 117.12 767.360256
Fish 0.0 206.079744 216.32 272.64
Fish 60.16 637.4399999999999 323.84 710.4000000000001
Fish 118.4 317.439744 425.6 382.08
Fish 186.24 0.0 645.12 69.75974400000001
Fish 325.12 390.39974400000006 675.2 477.440256
Fish 341.12 103.040256 650.24 200.960256
Fish 382.08 686.079744 704.64 759.039744
Fish 449.28 207.36 807.68 301.44
Fish 498.56 592.640256 806.4 652.160256
Fish 590.72 476.15999999999997 928.0 547.2
Fish 651.52 611.199744 992.64 669.440256
Fish 725.76 743.04 946.56 767.360256
Fish 739.2 301.44 1023.36 378.24
Fish 835.84 535.6800000000001 1023.36 596.480256
Fish 847.36 0.0 1023.36 89.600256
Fish 921.6 669.440256 1023.36 734.079744
Fish 999.68 436.479744 1023.36 464.00025600000004
