Fish 0.0 48.0 51.2 121.599744
Fish 0.0 149.600256 97.599488 249.60000000000002
Fish 0.0 119.19974399999998 124.00025600000001 193.599744
Fish 5.600256 540.0 199.19974399999998 677.600256
Fish 7.999488 305.600256 231.19974399999998 408.0
Fish 129.600512 608.000256 312.000512 669.5999999999999
Fish 209.600512 504.0 321.60051200000004 611.199744
Fish 216.00051200000001 336.0 271.200256 411.99974399999996
Fish 224.0 585.5999999999999 285.599744 660.0
Fish 241.600512 231.999744 363.200512 319.20000000000005
Fish 256.0 344.00025600000004 485.60025599999994 483.200256
Fish 283.200512 297.6 371.2 356.00025600000004
Fish 321.60051200000004 455.199744 403.999744 523.2
Fish 332.000256 603.2002560000001 403.2 725.600256
Fish 336.0 288.0 495.20025599999997 356.00025600000004
Fish 381.599744 663.2002560000001 531.2 767.199744
Fish 417.60051200000004 456.0 652.0002559999999 609.5999999999999
Fish 428.000256 211.20000000000002 512.0 284.00025600000004
Fish 437.60025599999994 555.2002560000001 544.0 609.5999999999999
Fish 440.000512 599.199744 533.600256 675.999744
Fish 476.000256 357.6 615.199744 451.20000000000005
Fish 477.59974400000004 277.599744 657.599488 335.199744
Fish 529.599488 241.599744 641.599488 301.599744
Fish 559.200256 471.99974399999996 649.6 503.199744
Fish 595.2 423.200256 741.600256 497.60025599999994
Fish 601.6 349.599744 739.2 416.00025600000004
Fish 615.199744 559.2 721.599488 629.600256
Fish 631.199744 151.2 701.599744 248.000256
Fish 683.200512 19.200000000000003 733.599744 84.0
Fish 683.200512 263.199744 736.0 327.99974399999996
Fish 695.199744 103.19999999999999 723.9997440000001 165.60000000000002
Fish 697.6 457.599744 832.0 519.2002560000001
Fish 717.599744 284.00025600000004 807.999488 343.20000000000005
Fish 728.000512 159.200256 771.9997440000001 212.000256
Fish 728.000512 635.199744 889.6 745.599744
Fish 737.599488 516.0 863.2002560000001 589.599744
Fish 752.0 197.600256 811.200512 275.199744
Fish 755.9997440000001 357.6 801.599488 428.00025600000004
Fish 787.9997440000001 363.200256 880.0 444.0
Fish 801.599488 275.199744 851.999744 321.6
Fish 832.0 308.00025600000004 920.000512 359.199744
Fish 863.2002560000001 515.199744 988.000256 591.2002560000001
Fish 895.2002560000001 624.0 1023.2002560000001 708.0
