Fish 0.0 231.09962000000002 111.36 322.642828
Fish 10.88 8.962663999999998 85.76 128.673444
Fish 164.48 345.048554 744.96 715.703652
Fish 181.76 147.878352 232.96 268.22892199999995
Fish 204.16 277.831376 276.48 377.056734
Fish 234.88 458.357698 605.44 829.65352
Fish 549.76 231.09962000000002 840.96 464.759334
Fish 586.24 249.024014 661.76 367.45428
Fish 661.76 117.790476 863.36 223.41747000000004
Fish 716.16 220.216652 818.56 325.843646
Fish 842.24 530.056208 1023.36 712.502834
Fish 896.64 354.651008 1023.36 458.357698
Fish 954.24 178.606018 1023.36 256.706164
