Fish 217.6 324.48 681.6 608.64
Fish 20.48 293.76 49.92 312.320256
Fish 84.48 359.679744 96.0 367.359744
Fish 98.56 400.640256 124.16 431.36025600000005
Fish 104.32 336.0 125.44 351.99974399999996
Fish 138.24 263.04 154.24 280.32
Fish 156.8 209.91974399999998 193.92 245.76
Fish 187.52 227.199744 204.8 240.63974399999998
Fish 371.2 138.879744 437.12 172.160256
Fish 416.0 89.600256 492.8 147.84
Fish 441.6 198.399744 450.56 206.079744
Fish 563.2 129.279744 588.16 150.399744
Fish 580.48 92.799744 626.56 119.03999999999999
Fish 583.04 49.92 641.28 75.519744
Fish 749.44 124.160256 762.88 135.03974399999998
Fish 757.76 58.239744 832.64 97.92
